<?xml version="1.0"?>
<opencv_storage>
<IntrinsicParameters type_id="opencv-matrix">
  <rows>3</rows>
  <cols>3</cols>
  <dt>d</dt>
  <data>
    4.7379159440141530e+02 0. 2.3950000000000000e+02 0.
    4.7379159440141530e+02 1.7950000000000000e+02 0. 0. 1.</data></IntrinsicParameters>
<ExtrinsicParameters type_id="opencv-matrix">
  <rows>25</rows>
  <cols>6</cols>
  <dt>d</dt>
  <data>
    1.1778480658424879e-01 -9.9933589705079717e-03
    1.8546417352830427e-01 -3.0989683029716542e+01
    -7.4883683574237708e+01 3.1665941441723538e+02
    1.1004700797509144e-01 -9.5834080599365351e-02
    1.5084662294953255e+00 5.7010922205889180e+01
    -7.0693242593698145e+01 3.3213011128523669e+02
    1.3862745404595667e-01 -3.3846247537232289e-02
    1.6278808931325297e+00 1.0700403258848129e+02
    -6.2990787978773945e+01 2.8706739470296259e+02
    1.4512495966080222e-01 -6.6311795552982125e-02
    2.0147359012218310e-01 -6.2204994266006487e+01
    -4.8125335083505732e+01 2.5737435414995821e+02
    1.1680414775950504e-01 -1.4002544295208960e-02
    8.2518452965121947e-01 -1.1351625110690827e+01
    -6.1373045829488483e+01 3.1459828360903504e+02
    1.0222693354127727e-01 -2.9384326972287867e-05
    1.0771950842255644e+00 2.6307173929660191e+01
    -3.8478494653335588e+01 3.1580087036698251e+02
    8.4616631531034894e-02 -6.3436982372848142e-03
    1.1287035890577957e+00 2.9562371884194629e+01
    -2.6165131935984203e+01 3.3762703290149739e+02
    1.1268194127354091e-01 1.7361788817944649e-02 1.1118785333204149e+00
    5.1276261938234242e+01 -8.4906496094300053e+01
    3.2623249985186800e+02 1.8238379120330511e-01 6.8818653642271719e-03
    1.0629519104088143e+00 5.1138371521136285e+01
    -9.6731868870753161e+01 2.9277430212904250e+02
    1.7992932415419358e-01 9.6510671578573931e-03 1.0738639665463978e+00
    5.5486282489623257e+01 -8.5520380189367771e+01
    2.8923365370992082e+02 8.6346513512024339e-02
    -5.0486738178239801e-02 1.6075760323030597e+00
    7.0606717849912187e+01 -6.2927908687905656e+01
    3.0858201775461060e+02 8.5313011202452924e-02
    -3.2592056285910158e-02 1.6554479881594073e+00
    7.6327824031676343e+01 -5.3047308302169526e+01
    3.0878781527878533e+02 8.8694780578564419e-02 7.9672764462858967e-02
    -1.5651538876235656e+00 -1.8654270655967846e+01
    5.0067759552319025e+01 2.9238632725651826e+02 2.3836002025115052e-01
    -2.5939585812324063e-02 -1.5750814682290217e+00
    -3.0629650285643660e+01 5.7641400524784203e+01
    2.8489257961205055e+02 -1.7121848505853163e-02
    -2.2378090932056283e-01 1.5443039294356014e+00
    8.2824726857897332e+01 -7.6256759967689916e+01
    2.8187567489920110e+02 5.5689493330138298e-02 4.1366277638355528e-02
    -1.5835474127146634e+00 -1.8184613326685838e+01
    4.2585290743672395e+01 2.6913840702281772e+02 6.6967037754753309e-02
    -5.7988778924746458e-02 1.5422870843059890e+00
    9.7452461978593703e+01 -8.2950099634081369e+01
    2.5625167378022707e+02 1.3375519129579386e-01
    -3.8581196154074543e-02 1.5723199060643989e+00
    2.3675593722709305e+01 -4.6720609297035736e+01
    2.7724426868241005e+02 8.0506019622587549e-02
    -2.9071901014197220e-02 1.5780631686572730e+00
    2.8092994227634808e+01 -5.8292374663173035e+01
    2.8649618599590053e+02 1.0906986186565736e-01
    -3.5587708766973279e-02 2.7704491934298020e-01
    -9.6675349681774946e+01 -4.4403543128121221e+01
    2.6406097858014550e+02 9.0489572293305787e-02
    -6.7248247904991662e-02 1.0280994593858865e-01
    -1.0458245292972572e+02 -4.5882285158186797e+01
    2.8071779016206068e+02 -1.0683390841216853e-01
    -8.9377479330001341e-02 3.1190884876511022e+00
    1.1631780780456811e+01 8.1631221029828282e+01 2.9513329736844986e+02
    7.6651128462940143e-02 -6.9367197537501035e-02
    -1.6086612984045730e-02 -1.1399809991931107e+02
    -3.9963409284522172e+01 2.7865311758453089e+02
    7.4332007337474748e-02 -6.9347261615572323e-02
    -4.2187210234897493e-02 -1.1894886858890378e+02
    -5.3707667148222022e+01 2.8043352962328072e+02
    7.5333708611120237e-02 -6.8903487893246157e-02
    -4.4673690599221182e-02 -1.1608993676695138e+02
    -5.4829242084301150e+01 2.7900911000922571e+02</data></ExtrinsicParameters>
<DistortionCoefficients type_id="opencv-matrix">
  <rows>5</rows>
  <cols>1</cols>
  <dt>d</dt>
  <data>
    -3.4226748220883352e-01 3.6178396732378681e-01
    -9.0049263528036913e-04 2.6472406317840621e-03
    -3.4975945670068370e-01</data></DistortionCoefficients>
<AperatureWidth>3.6699999999999999e+00</AperatureWidth>
<AperatureHeight>2.7400000000000002e+00</AperatureHeight>
<FocalLength>3.6225315655274875e+00</FocalLength>
<AspectRatio>1.</AspectRatio>
<PrincipalPoint>
  1.8311770833333332e+00 1.3661944444444447e+00</PrincipalPoint>
<FoVx>5.3729154616262711e+01</FoVx>
<FoVy>4.1604957752027254e+01</FoVy>
</opencv_storage>
