<?xml version="1.0"?>
<opencv_storage>
<calibration_time>"Wed 13 Jul 2016 18:44:35 UTC"</calibration_time>
<nr_of_frames>25</nr_of_frames>
<image_width>640</image_width>
<image_height>480</image_height>
<board_width>6</board_width>
<board_height>5</board_height>
<square_size>25.</square_size>
<fix_aspect_ratio>1.</fix_aspect_ratio>
<!-- flags:  +fix_aspect_ratio +fix_principal_point -->
<flags>6</flags>
<camera_matrix type_id="opencv-matrix">
  <rows>3</rows>
  <cols>3</cols>
  <dt>d</dt>
  <data>
    9.5586410066270776e+02 0. 3.1950000000000000e+02 0.
    9.5586410066270776e+02 2.3950000000000000e+02 0. 0. 1.</data></camera_matrix>
<distortion_coefficients type_id="opencv-matrix">
  <rows>5</rows>
  <cols>1</cols>
  <dt>d</dt>
  <data>
    -6.6339359944600262e-01 5.1791118792041069e-01
    -9.6160023321556765e-03 -3.9548041901023281e-03
    -1.4349157706988042e-01</data></distortion_coefficients>
<avg_reprojection_error>9.2652788005042863e-01</avg_reprojection_error>
<per_view_reprojection_errors type_id="opencv-matrix">
  <rows>25</rows>
  <cols>1</cols>
  <dt>f</dt>
  <data>
    6.84412539e-01 1.37199605e+00 3.31958890e-01 5.52079082e-01
    7.68218458e-01 2.15696740e+00 8.11704218e-01 5.63736022e-01
    5.53621471e-01 5.61577082e-01 5.64877570e-01 7.56827712e-01
    8.25435042e-01 5.77034831e-01 7.12402225e-01 7.01210141e-01
    1.88085914e+00 8.39539886e-01 7.06863880e-01 8.83774638e-01
    8.53660583e-01 7.94424951e-01 9.06001508e-01 6.90651000e-01
    8.76420915e-01</data></per_view_reprojection_errors>
<extrinsic_parameters type_id="opencv-matrix">
  <rows>25</rows>
  <cols>6</cols>
  <dt>d</dt>
  <data>
    -1.4103638112461195e-01 8.2251400171826805e-02
    -3.2163085813669744e-02 -1.0156847087375419e+02
    -7.4876335520297530e+01 5.6687698799469422e+02
    1.0151592410368336e-01 6.9123370081202812e-02
    -5.9074356740689851e-02 6.5122377085165041e+01
    -1.5356446489763886e+02 8.2239992788238203e+02
    -5.4157532111655986e-04 -1.5911763316720704e-02
    -1.1810728996191906e-01 -1.7188194287519718e+02
    -6.9293917460490917e+01 7.0318453366657729e+02
    -8.4254176606953814e-03 -2.7503322371308944e-04
    -3.0211640723978241e-03 -1.7679859996455224e+02
    -5.4161282582168955e+00 5.3949937570342752e+02
    4.8204832422152087e-02 -2.2930581548809720e-01
    -8.9925669080102508e-02 -9.3609057200733545e+01
    -8.2133177025168848e+01 5.5181861618630262e+02
    1.0945196238311268e-01 5.6436689360687034e-02
    -3.9558146264998463e-02 -1.3436188702846144e+02
    -1.1371038968664357e+02 6.3365036524625862e+02
    1.4444472592023141e-01 9.6900593868694845e-02 3.1233697854195732e+00
    5.9491921586932342e+01 3.1889557164024932e+01 3.6535057241254992e+02
    2.9805332860383251e-02 1.6107408050741304e-01 7.0477000366315420e-03
    -7.4232344601195010e+01 -9.6400243091797620e+01
    4.6009866637879969e+02 1.3138336273227823e-02 1.7110659993525168e-01
    3.1274973708522598e-03 -7.6002793726195364e+01
    -9.9695939024154086e+01 4.5512318394501125e+02
    2.8977291565984737e-02 1.4329613566237473e-01
    -3.0539681806896193e-03 -8.5342747821101653e+01
    -8.3489384547716014e+01 4.6328456700920265e+02
    3.4125404032638953e-03 1.8406949740062525e-01 5.5313201335733557e-03
    -7.1196631868520512e+01 -9.0947913403597525e+01
    4.6112493617839067e+02 -7.9218526178119072e-02
    8.5938015942602183e-02 -1.0768022023365843e-02
    -9.0128092159989492e+01 -7.5832809777049135e+01
    3.6887572196244002e+02 7.7875390363545717e-03
    -1.6275108743684735e-01 -3.1062583539363602e+00
    2.7340857721335162e+01 3.5842755575837643e+01 3.2163693772162941e+02
    7.3434318156692250e-03 1.4367708078673588e-01 4.1410860256908349e-02
    -1.2697744365095593e+02 -8.1473417150424197e+01
    4.1783877199667143e+02 4.3070509500373687e-02 1.7080171723107401e-01
    -2.7332967742120500e-02 -5.3522583750586378e+01
    -4.7426691710608040e+01 3.4367033249875902e+02
    1.8797819017046538e-02 -1.2930471611089478e-01
    7.3820058925003450e-03 -1.9206132336836919e+01
    -6.9976202273972632e+01 2.9733054336901068e+02
    -4.3166104139755173e-03 -3.1706780075200142e-02
    -3.1202691027937437e+00 6.3650707217360200e+01
    5.5629856806919207e+01 2.8700943934008222e+02 4.6037423467936128e-02
    -4.1660926915254227e-02 -3.1363742114439650e+00
    6.1415756492254637e+01 5.2910575917949735e+01 2.8071824654403252e+02
    -1.3827337847633162e-02 -3.7713109975962847e-02
    2.7547612119370127e-03 -5.7656833893446326e+01
    -7.0934530819510854e+01 2.7940251248110786e+02
    2.9757662410048444e-02 -5.5002974748762992e-02
    1.8197164556131015e-02 -7.6931177402427750e+01
    -7.0591817830660474e+01 2.8523071892613206e+02
    2.4975472753449256e-02 -2.6367644069308759e-02
    2.8592605274980396e-02 -8.4715561813711375e+01
    -7.3022997664074083e+01 2.8887067891899500e+02
    -7.8818456519337554e-02 1.0800880632341651e-01
    3.1115929766604720e+00 4.7911117763013507e+01 6.1347688213054049e+01
    3.0624780090074557e+02 -2.5744886841556066e-02
    -8.0144729993682551e-02 -3.0977258312618289e-02
    -6.2344492569160280e+01 -6.0392854896283424e+01
    3.0204232881781053e+02 -9.2641110055772996e-02
    7.2810877421067052e-02 3.1292301783920391e+00 5.5053660154828265e+01
    6.6023494757641828e+01 2.7093089278159340e+02
    -7.8936240408878158e-02 9.2160238046618451e-02
    3.1145050266977443e+00 5.4847805608293818e+01 6.2663631725278158e+01
    2.6178929158283705e+02</data></extrinsic_parameters>
</opencv_storage>
